24
-0.237648
0.760796
-0.784600
0.536180
0.417707
0.549242
-0.096652
0.363506
-0.890194
0.407208
-0.844905
0.244301
0.219459
-0.157872
-0.499619
0.434126
0.445357
-0.639821
0.612781
-0.664785
-0.687674
-0.807489
0.382183
0.528855
-0.675954
-0.912961
0.788202
-0.594958
-0.677541
0.479965
0.636708
-0.796381
-0.383099
-0.642018
0.222205
-0.723502
0.445540
-0.874813
-0.021638
-0.613941
0.330729
-0.214637
0.179540
0.850826
-0.107944
0.754265
-0.244606
0.351299
-0.321451
-0.387555
-0.718497
-0.791131
-0.417096
0.112644
0.208045
-0.050813
0.400311
-0.247169
-0.610828
0.963561
-0.905698
0.229225
0.976135
-0.919492
0.332499
-0.920652
0.735649
0.860286
-0.146580
-0.169591
0.856990
0.423627
0.229102
0.963012
0.309305
0.629383
0.583605
-0.995788
0.813105
-0.588916
0.831660
0.062227
-0.513535
0.087313
-0.000580
-0.885678
0.230323
-0.543870
-0.810663
-0.638111
0.914182
0.488266
0.752495
0.964049
0.425153
-0.570727
0.229835
-0.537645
0.642933
0.125706
0.626331
-0.789666
-0.597156
-0.615040
-0.421064
0.118381
-0.490158
0.184057
0.981933
-0.971801
-0.134556
0.537828
-0.368450
0.028474
-0.228980
0.840083
0.452986
-0.975585
0.468978
-0.510361
0.871578
0.873837
0.984741
-0.385479
-0.108860
0.401715
0.331889
0.705680
0.442244
-0.392865
-0.856258
-0.026215
0.561510
0.372845
0.792474
-0.758843
-0.033357
0.992248
-0.941099
0.181310
-0.412397
-0.175390
0.416791
-0.281716
0.617908
0.392498
-0.008820
0.399274
0.647267
-0.768059
-0.743400
-0.447920
-0.560533
0.810419
0.534898
0.040071
-0.082858
0.822138
0.357036
0.427595
0.915525
0.176305
0.750420
-0.632191
-0.731193
0.988403
0.514390
0.026093
-0.208899
0.887753
-0.453108
-0.649831
0.713736
0.954588
0.284036
0.001801
-0.857295
-0.401898
-0.684561
-0.240333
0.098300
-0.311319
-0.761834
0.208411
-0.301675
-0.743828
-0.188635
-0.474837
0.049654
-0.932615
0.473739
-0.824335
0.408002
-0.605029
-0.712577
-0.666250
0.170751
-0.710196
0.369976
0.835810
0.263833
0.670583
0.876644
0.482223
0.485580
0.541490
-0.403424
-0.499802
-0.629444
-0.348308
0.224647
-0.021760
0.134739
0.908750
-0.628773
-0.913877
-0.734184
-0.141759
0.373150
-0.107456
-0.679617
0.542528
0.967650
0.593005
0.490463
-0.949339
-0.107761
0.960021
0.502060
0.072604
0.473006
-0.171056
-0.591418
0.769097
0.263405
0.431318
0.841304
-0.728507
0.796381
-0.612232
0.278481
0.122043
0.512375
0.174780
-0.102329
-0.031281
0.925840
0.875179
0.572130
-0.174108
-0.908200
-0.972533
0.573717
-0.785394
0.436872
-0.614978
-0.453841
0.493576
-0.985656
-0.602710
-0.689932
0.694632
-0.750298
0.226844
0.062044
-0.826106
0.235084
0.114048
-0.468673
0.393109
0.637684
-0.098605
-0.344035
0.140599
-0.715506
-0.468734
0.340800
0.507859
-0.515610
-0.672170
0.859859
-0.068819
0.151524
0.877804
0.466231
-0.386517
-0.207984
-0.679983
0.771050
0.636280
0.416120
-0.140843
-0.545274
-0.923826
-0.561083
0.313150
-0.127110
-0.561693
0.631947
0.509384
0.118625
-0.282632
0.187536
0.340373
0.105197
0.401227
0.959532
-0.707633
0.230140
0.727775
0.942015
-0.740776
0.184240
0.508652
-0.951231
-0.546434
-0.532823
0.831538
0.256325
-0.771661
0.173254
-0.046236
-0.827876
-0.378643
-0.391583
-0.299600
0.091830
-0.566027
-0.697317
0.678030
0.606861
0.658864
-0.021271
-0.382183
0.825251
-0.933592
-0.959410
-0.839900
-0.731681
0.765313
0.144383
-0.607410
-0.493820
0.546739
-0.587085
-0.544847
0.592761
0.827693
-0.141575
0.523423
-0.634632
-0.996765
0.573656
0.483810
-0.330363
0.022370
0.255959
-0.387371
0.572253
-0.001862
-0.374676
-0.428755
0.625172
-0.333598
0.299600
-0.969543
0.242714
-0.496017
0.689383
0.236244
-0.745537
-0.680410
0.474593
-0.170934
-0.303079
0.130345
0.226112
0.230201
0.904904
-0.864620
-0.265969
0.906491
0.967406
-0.399823
-0.394452
-0.173620
-0.391583
0.462996
-0.305277
0.420698
0.556505
-0.523240
0.927244
0.358684
0.464705
0.698660
0.081759
-0.546129
0.444319
0.139805
0.090854
-0.989135
-0.726127
0.387432
-0.575671
-0.073702
0.346782
0.012360
-0.883541
-0.144200
-0.580615
0.574389
-0.999084
0.760491
-0.777093
-0.962828
-0.285257
-0.855892
0.000580
0.406659
0.034577
0.295022
0.033174
0.403485
0.107334
0.843562
-0.784234
0.984558
0.138157
0.949095
-0.252968
0.523240
-0.902707
0.427961
0.995056
-0.536668
-0.990234
0.135960
0.600696
-0.742180
-0.610828
0.916440
0.882809
-0.595019
-0.621815
-0.572314
0.605152
0.394940
0.159520
-0.837947
-0.829157
-0.620838
-0.802179
-0.031465
-0.696280
0.374615
0.877071
0.391583
-0.718802
-0.184484
-0.905759
0.139561
0.780206
-0.734001
0.373150
0.993835
-0.601245
0.104648
-0.940428
-0.527757
-0.083712
-0.005768
-0.838130
-0.441023
-0.645924
-0.050081
0.397687
0.812983
-0.100314
-0.183569
-0.989380
0.167943
0.756523
0.969054
0.919431
0.736747
0.981933
0.048738
-0.239662
-0.068941
0.376385
0.545702
-0.611927
0.211402
0.485763
0.042573
-0.604541
0.777215
0.778680
-0.069246
-0.785211
-0.488266
0.063509
-0.588611
-0.635243
-0.507004
0.205054
0.594409
-0.596484
-0.616504
0.204810
0.507248
-0.848506
0.011750
-0.292886
0.827082
0.746696
0.457381
-0.006134
-0.852901
0.093539
-0.047395
-0.470870
0.591479
-0.729850
0.913144
0.118015
-0.410321
0.453841
-0.590442
0.740654
0.624012
0.929075
0.393658
-0.875057
-0.238136
-0.259438
-0.009552
0.119663
-0.213782
-0.447432
0.169164
0.930967
0.735466
0.277871
0.106113
0.285073
0.666616
0.039460
-0.449080
-0.421552
0.453413
0.025666
0.509567
-0.920347
-0.568102
0.803461
0.555773
-0.756157
-0.293374
0.650258
0.084689
0.203162
-0.071139
-0.531541
0.819697
-0.504440
0.360576
0.844417
-0.114231
-0.905576
0.035676
-0.186071
0.762200
-0.198584
-0.168432
-0.491470
-2.933659
-0.609101
3.282376
-1.683523
4.267661
5.334318
-5.235585
0.280307
3.903196
-1.421748
-0.799316
3.239381
-3.037959
-2.338035
-0.119755
0.832643
-0.565668
-4.675777
-2.508329
4.098978
-0.892191
4.104691
0.524576
