7
-0.237648
0.760796
-0.784600
0.536180
0.417707
0.549242
-0.096652
0.363506
-0.890194
0.407208
-0.844905
0.244301
0.219459
-0.157872
-0.499619
0.434126
0.445357
-0.639821
0.612781
-0.664785
-0.687674
-0.807489
0.382183
0.528855
-0.675954
-0.912961
0.788202
-0.594958
-0.677541
0.479965
0.636708
-0.796381
-0.383099
-0.642018
0.222205
-0.723502
0.445540
-0.874813
-0.021638
-0.613941
0.330729
-0.214637
0.179540
0.850826
-0.107944
0.754265
-0.244606
0.351299
-0.321451
1.374029
-0.790198
-1.199561
-1.550548
-1.392193
-2.006714
1.754314
