7
1.000000
0.500000
0.333333
0.250000
0.200000
0.166667
0.142857
0.500000
0.333333
0.250000
0.200000
0.166667
0.142857
0.125000
0.333333
0.250000
0.200000
0.166667
0.142857
0.125000
0.111111
0.250000
0.200000
0.166667
0.142857
0.125000
0.111111
0.100000
0.200000
0.166667
0.142857
0.125000
0.111111
0.100000
0.090909
0.166667
0.142857
0.125000
0.111111
0.100000
0.090909
0.083333
0.142857
0.125000
0.111111
0.100000
0.090909
0.083333
0.076923
3.111429
2.061429
1.594762
1.314762
1.123853
0.983853
0.876161
