9
1.000000
0.500000
0.333333
0.250000
0.200000
0.166667
0.142857
0.125000
0.111111
0.500000
0.333333
0.250000
0.200000
0.166667
0.142857
0.125000
0.111111
0.100000
0.333333
0.250000
0.200000
0.166667
0.142857
0.125000
0.111111
0.100000
0.090909
0.250000
0.200000
0.166667
0.142857
0.125000
0.111111
0.100000
0.090909
0.083333
0.200000
0.166667
0.142857
0.125000
0.111111
0.100000
0.090909
0.083333
0.076923
0.166667
0.142857
0.125000
0.111111
0.100000
0.090909
0.083333
0.076923
0.071429
0.142857
0.125000
0.111111
0.100000
0.090909
0.083333
0.076923
0.071429
0.066667
0.125000
0.111111
0.100000
0.090909
0.083333
0.076923
0.071429
0.066667
0.062500
0.111111
0.100000
0.090909
0.083333
0.076923
0.071429
0.066667
0.062500
0.058824
3.394762
2.314762
1.823853
1.523853
1.316161
1.161875
1.041875
0.945446
0.866034
