12
1.000000
0.500000
0.333333
0.250000
0.200000
0.166667
0.142857
0.125000
0.111111
0.100000
0.090909
0.083333
0.500000
0.333333
0.250000
0.200000
0.166667
0.142857
0.125000
0.111111
0.100000
0.090909
0.083333
0.076923
0.333333
0.250000
0.200000
0.166667
0.142857
0.125000
0.111111
0.100000
0.090909
0.083333
0.076923
0.071429
0.250000
0.200000
0.166667
0.142857
0.125000
0.111111
0.100000
0.090909
0.083333
0.076923
0.071429
0.066667
0.200000
0.166667
0.142857
0.125000
0.111111
0.100000
0.090909
0.083333
0.076923
0.071429
0.066667
0.062500
0.166667
0.142857
0.125000
0.111111
0.100000
0.090909
0.083333
0.076923
0.071429
0.066667
0.062500
0.058824
0.142857
0.125000
0.111111
0.100000
0.090909
0.083333
0.076923
0.071429
0.066667
0.062500
0.058824
0.055556
0.125000
0.111111
0.100000
0.090909
0.083333
0.076923
0.071429
0.066667
0.062500
0.058824
0.055556
0.052632
0.111111
0.100000
0.090909
0.083333
0.076923
0.071429
0.066667
0.062500
0.058824
0.055556
0.052632
0.050000
0.100000
0.090909
0.083333
0.076923
0.071429
0.066667
0.062500
0.058824
0.055556
0.052632
0.050000
0.047619
0.090909
0.083333
0.076923
0.071429
0.066667
0.062500
0.058824
0.055556
0.052632
0.050000
0.047619
0.045455
0.083333
0.076923
0.071429
0.066667
0.062500
0.058824
0.055556
0.052632
0.050000
0.047619
0.045455
0.043478
3.723853
2.616161
2.101875
1.781875
1.556875
1.387463
1.254130
1.145859
1.055859
0.979669
0.914214
0.857297
