24
1.000000
0.500000
0.333333
0.250000
0.200000
0.166667
0.142857
0.125000
0.111111
0.100000
0.090909
0.083333
0.076923
0.071429
0.066667
0.062500
0.058824
0.055556
0.052632
0.050000
0.047619
0.045455
0.043478
0.041667
0.500000
0.333333
0.250000
0.200000
0.166667
0.142857
0.125000
0.111111
0.100000
0.090909
0.083333
0.076923
0.071429
0.066667
0.062500
0.058824
0.055556
0.052632
0.050000
0.047619
0.045455
0.043478
0.041667
0.040000
0.333333
0.250000
0.200000
0.166667
0.142857
0.125000
0.111111
0.100000
0.090909
0.083333
0.076923
0.071429
0.066667
0.062500
0.058824
0.055556
0.052632
0.050000
0.047619
0.045455
0.043478
0.041667
0.040000
0.038462
0.250000
0.200000
0.166667
0.142857
0.125000
0.111111
0.100000
0.090909
0.083333
0.076923
0.071429
0.066667
0.062500
0.058824
0.055556
0.052632
0.050000
0.047619
0.045455
0.043478
0.041667
0.040000
0.038462
0.037037
0.200000
0.166667
0.142857
0.125000
0.111111
0.100000
0.090909
0.083333
0.076923
0.071429
0.066667
0.062500
0.058824
0.055556
0.052632
0.050000
0.047619
0.045455
0.043478
0.041667
0.040000
0.038462
0.037037
0.035714
0.166667
0.142857
0.125000
0.111111
0.100000
0.090909
0.083333
0.076923
0.071429
0.066667
0.062500
0.058824
0.055556
0.052632
0.050000
0.047619
0.045455
0.043478
0.041667
0.040000
0.038462
0.037037
0.035714
0.034483
0.142857
0.125000
0.111111
0.100000
0.090909
0.083333
0.076923
0.071429
0.066667
0.062500
0.058824
0.055556
0.052632
0.050000
0.047619
0.045455
0.043478
0.041667
0.040000
0.038462
0.037037
0.035714
0.034483
0.033333
0.125000
0.111111
0.100000
0.090909
0.083333
0.076923
0.071429
0.066667
0.062500
0.058824
0.055556
0.052632
0.050000
0.047619
0.045455
0.043478
0.041667
0.040000
0.038462
0.037037
0.035714
0.034483
0.033333
0.032258
0.111111
0.100000
0.090909
0.083333
0.076923
0.071429
0.066667
0.062500
0.058824
0.055556
0.052632
0.050000
0.047619
0.045455
0.043478
0.041667
0.040000
0.038462
0.037037
0.035714
0.034483
0.033333
0.032258
0.031250
0.100000
0.090909
0.083333
0.076923
0.071429
0.066667
0.062500
0.058824
0.055556
0.052632
0.050000
0.047619
0.045455
0.043478
0.041667
0.040000
0.038462
0.037037
0.035714
0.034483
0.033333
0.032258
0.031250
0.030303
0.090909
0.083333
0.076923
0.071429
0.066667
0.062500
0.058824
0.055556
0.052632
0.050000
0.047619
0.045455
0.043478
0.041667
0.040000
0.038462
0.037037
0.035714
0.034483
0.033333
0.032258
0.031250
0.030303
0.029412
0.083333
0.076923
0.071429
0.066667
0.062500
0.058824
0.055556
0.052632
0.050000
0.047619
0.045455
0.043478
0.041667
0.040000
0.038462
0.037037
0.035714
0.034483
0.033333
0.032258
0.031250
0.030303
0.029412
0.028571
0.076923
0.071429
0.066667
0.062500
0.058824
0.055556
0.052632
0.050000
0.047619
0.045455
0.043478
0.041667
0.040000
0.038462
0.037037
0.035714
0.034483
0.033333
0.032258
0.031250
0.030303
0.029412
0.028571
0.027778
0.071429
0.066667
0.062500
0.058824
0.055556
0.052632
0.050000
0.047619
0.045455
0.043478
0.041667
0.040000
0.038462
0.037037
0.035714
0.034483
0.033333
0.032258
0.031250
0.030303
0.029412
0.028571
0.027778
0.027027
0.066667
0.062500
0.058824
0.055556
0.052632
0.050000
0.047619
0.045455
0.043478
0.041667
0.040000
0.038462
0.037037
0.035714
0.034483
0.033333
0.032258
0.031250
0.030303
0.029412
0.028571
0.027778
0.027027
0.026316
0.062500
0.058824
0.055556
0.052632
0.050000
0.047619
0.045455
0.043478
0.041667
0.040000
0.038462
0.037037
0.035714
0.034483
0.033333
0.032258
0.031250
0.030303
0.029412
0.028571
0.027778
0.027027
0.026316
0.025641
0.058824
0.055556
0.052632
0.050000
0.047619
0.045455
0.043478
0.041667
0.040000
0.038462
0.037037
0.035714
0.034483
0.033333
0.032258
0.031250
0.030303
0.029412
0.028571
0.027778
0.027027
0.026316
0.025641
0.025000
0.055556
0.052632
0.050000
0.047619
0.045455
0.043478
0.041667
0.040000
0.038462
0.037037
0.035714
0.034483
0.033333
0.032258
0.031250
0.030303
0.029412
0.028571
0.027778
0.027027
0.026316
0.025641
0.025000
0.024390
0.052632
0.050000
0.047619
0.045455
0.043478
0.041667
0.040000
0.038462
0.037037
0.035714
0.034483
0.033333
0.032258
0.031250
0.030303
0.029412
0.028571
0.027778
0.027027
0.026316
0.025641
0.025000
0.024390
0.023810
0.050000
0.047619
0.045455
0.043478
0.041667
0.040000
0.038462
0.037037
0.035714
0.034483
0.033333
0.032258
0.031250
0.030303
0.029412
0.028571
0.027778
0.027027
0.026316
0.025641
0.025000
0.024390
0.023810
0.023256
0.047619
0.045455
0.043478
0.041667
0.040000
0.038462
0.037037
0.035714
0.034483
0.033333
0.032258
0.031250
0.030303
0.029412
0.028571
0.027778
0.027027
0.026316
0.025641
0.025000
0.024390
0.023810
0.023256
0.022727
0.045455
0.043478
0.041667
0.040000
0.038462
0.037037
0.035714
0.034483
0.033333
0.032258
0.031250
0.030303
0.029412
0.028571
0.027778
0.027027
0.026316
0.025641
0.025000
0.024390
0.023810
0.023256
0.022727
0.022222
0.043478
0.041667
0.040000
0.038462
0.037037
0.035714
0.034483
0.033333
0.032258
0.031250
0.030303
0.029412
0.028571
0.027778
0.027027
0.026316
0.025641
0.025000
0.024390
0.023810
0.023256
0.022727
0.022222
0.021739
0.041667
0.040000
0.038462
0.037037
0.035714
0.034483
0.033333
0.032258
0.031250
0.030303
0.029412
0.028571
0.027778
0.027027
0.026316
0.025641
0.025000
0.024390
0.023810
0.023256
0.022727
0.022222
0.021739
0.021277
4.531150
3.379150
2.825304
2.469748
2.212606
2.013985
1.853985
1.721266
1.608766
1.511796
1.427090
1.352285
1.285618
1.225743
1.171608
1.122377
1.077377
1.036057
0.997962
0.962711
0.929983
0.899507
0.871049
0.844407
