16
-0.237648
0.760796
-0.784600
0.536180
0.417707
0.549242
-0.096652
0.363506
-0.890194
0.407208
-0.844905
0.244301
0.219459
-0.157872
-0.499619
0.434126
0.445357
-0.639821
0.612781
-0.664785
-0.687674
-0.807489
0.382183
0.528855
-0.675954
-0.912961
0.788202
-0.594958
-0.677541
0.479965
0.636708
-0.796381
-0.383099
-0.642018
0.222205
-0.723502
0.445540
-0.874813
-0.021638
-0.613941
0.330729
-0.214637
0.179540
0.850826
-0.107944
0.754265
-0.244606
0.351299
-0.321451
-0.387555
-0.718497
-0.791131
-0.417096
0.112644
0.208045
-0.050813
0.400311
-0.247169
-0.610828
0.963561
-0.905698
0.229225
0.976135
-0.919492
0.332499
-0.920652
0.735649
0.860286
-0.146580
-0.169591
0.856990
0.423627
0.229102
0.963012
0.309305
0.629383
0.583605
-0.995788
0.813105
-0.588916
0.831660
0.062227
-0.513535
0.087313
-0.000580
-0.885678
0.230323
-0.543870
-0.810663
-0.638111
0.914182
0.488266
0.752495
0.964049
0.425153
-0.570727
0.229835
-0.537645
0.642933
0.125706
0.626331
-0.789666
-0.597156
-0.615040
-0.421064
0.118381
-0.490158
0.184057
0.981933
-0.971801
-0.134556
0.537828
-0.368450
0.028474
-0.228980
0.840083
0.452986
-0.975585
0.468978
-0.510361
0.871578
0.873837
0.984741
-0.385479
-0.108860
0.401715
0.331889
0.705680
0.442244
-0.392865
-0.856258
-0.026215
0.561510
0.372845
0.792474
-0.758843
-0.033357
0.992248
-0.941099
0.181310
-0.412397
-0.175390
0.416791
-0.281716
0.617908
0.392498
-0.008820
0.399274
0.647267
-0.768059
-0.743400
-0.447920
-0.560533
0.810419
0.534898
0.040071
-0.082858
0.822138
0.357036
0.427595
0.915525
0.176305
0.750420
-0.632191
-0.731193
0.988403
0.514390
0.026093
-0.208899
0.887753
-0.453108
-0.649831
0.713736
0.954588
0.284036
0.001801
-0.857295
-0.401898
-0.684561
-0.240333
0.098300
-0.311319
-0.761834
0.208411
-0.301675
-0.743828
-0.188635
-0.474837
0.049654
-0.932615
0.473739
-0.824335
0.408002
-0.605029
-0.712577
-0.666250
0.170751
-0.710196
0.369976
0.835810
0.263833
0.670583
0.876644
0.482223
0.485580
0.541490
-0.403424
-0.499802
-0.629444
-0.348308
0.224647
-0.021760
0.134739
0.908750
-0.628773
-0.913877
-0.734184
-0.141759
0.373150
-0.107456
-0.679617
0.542528
0.967650
0.593005
0.490463
-0.949339
-0.107761
0.960021
0.502060
0.072604
0.473006
-0.171056
-0.591418
0.769097
0.263405
0.431318
0.841304
-0.728507
0.796381
-0.612232
0.278481
0.122043
0.512375
0.174780
-0.102329
-0.031281
0.925840
0.875179
0.572130
-0.174108
-0.908200
-0.972533
0.573717
-0.785394
0.436872
-0.614978
0.505240
-3.100217
-0.830153
-2.975775
4.698044
0.951006
-1.332096
4.058693
-0.142460
2.925016
4.245393
-7.071676
1.809138
-0.552849
2.927213
1.059114
