32
-0.237648
0.760796
-0.784600
0.536180
0.417707
0.549242
-0.096652
0.363506
-0.890194
0.407208
-0.844905
0.244301
0.219459
-0.157872
-0.499619
0.434126
0.445357
-0.639821
0.612781
-0.664785
-0.687674
-0.807489
0.382183
0.528855
-0.675954
-0.912961
0.788202
-0.594958
-0.677541
0.479965
0.636708
-0.796381
-0.383099
-0.642018
0.222205
-0.723502
0.445540
-0.874813
-0.021638
-0.613941
0.330729
-0.214637
0.179540
0.850826
-0.107944
0.754265
-0.244606
0.351299
-0.321451
-0.387555
-0.718497
-0.791131
-0.417096
0.112644
0.208045
-0.050813
0.400311
-0.247169
-0.610828
0.963561
-0.905698
0.229225
0.976135
-0.919492
0.332499
-0.920652
0.735649
0.860286
-0.146580
-0.169591
0.856990
0.423627
0.229102
0.963012
0.309305
0.629383
0.583605
-0.995788
0.813105
-0.588916
0.831660
0.062227
-0.513535
0.087313
-0.000580
-0.885678
0.230323
-0.543870
-0.810663
-0.638111
0.914182
0.488266
0.752495
0.964049
0.425153
-0.570727
0.229835
-0.537645
0.642933
0.125706
0.626331
-0.789666
-0.597156
-0.615040
-0.421064
0.118381
-0.490158
0.184057
0.981933
-0.971801
-0.134556
0.537828
-0.368450
0.028474
-0.228980
0.840083
0.452986
-0.975585
0.468978
-0.510361
0.871578
0.873837
0.984741
-0.385479
-0.108860
0.401715
0.331889
0.705680
0.442244
-0.392865
-0.856258
-0.026215
0.561510
0.372845
0.792474
-0.758843
-0.033357
0.992248
-0.941099
0.181310
-0.412397
-0.175390
0.416791
-0.281716
0.617908
0.392498
-0.008820
0.399274
0.647267
-0.768059
-0.743400
-0.447920
-0.560533
0.810419
0.534898
0.040071
-0.082858
0.822138
0.357036
0.427595
0.915525
0.176305
0.750420
-0.632191
-0.731193
0.988403
0.514390
0.026093
-0.208899
0.887753
-0.453108
-0.649831
0.713736
0.954588
0.284036
0.001801
-0.857295
-0.401898
-0.684561
-0.240333
0.098300
-0.311319
-0.761834
0.208411
-0.301675
-0.743828
-0.188635
-0.474837
0.049654
-0.932615
0.473739
-0.824335
0.408002
-0.605029
-0.712577
-0.666250
0.170751
-0.710196
0.369976
0.835810
0.263833
0.670583
0.876644
0.482223
0.485580
0.541490
-0.403424
-0.499802
-0.629444
-0.348308
0.224647
-0.021760
0.134739
0.908750
-0.628773
-0.913877
-0.734184
-0.141759
0.373150
-0.107456
-0.679617
0.542528
0.967650
0.593005
0.490463
-0.949339
-0.107761
0.960021
0.502060
0.072604
0.473006
-0.171056
-0.591418
0.769097
0.263405
0.431318
0.841304
-0.728507
0.796381
-0.612232
0.278481
0.122043
0.512375
0.174780
-0.102329
-0.031281
0.925840
0.875179
0.572130
-0.174108
-0.908200
-0.972533
0.573717
-0.785394
0.436872
-0.614978
-0.453841
0.493576
-0.985656
-0.602710
-0.689932
0.694632
-0.750298
0.226844
0.062044
-0.826106
0.235084
0.114048
-0.468673
0.393109
0.637684
-0.098605
-0.344035
0.140599
-0.715506
-0.468734
0.340800
0.507859
-0.515610
-0.672170
0.859859
-0.068819
0.151524
0.877804
0.466231
-0.386517
-0.207984
-0.679983
0.771050
0.636280
0.416120
-0.140843
-0.545274
-0.923826
-0.561083
0.313150
-0.127110
-0.561693
0.631947
0.509384
0.118625
-0.282632
0.187536
0.340373
0.105197
0.401227
0.959532
-0.707633
0.230140
0.727775
0.942015
-0.740776
0.184240
0.508652
-0.951231
-0.546434
-0.532823
0.831538
0.256325
-0.771661
0.173254
-0.046236
-0.827876
-0.378643
-0.391583
-0.299600
0.091830
-0.566027
-0.697317
0.678030
0.606861
0.658864
-0.021271
-0.382183
0.825251
-0.933592
-0.959410
-0.839900
-0.731681
0.765313
0.144383
-0.607410
-0.493820
0.546739
-0.587085
-0.544847
0.592761
0.827693
-0.141575
0.523423
-0.634632
-0.996765
0.573656
0.483810
-0.330363
0.022370
0.255959
-0.387371
0.572253
-0.001862
-0.374676
-0.428755
0.625172
-0.333598
0.299600
-0.969543
0.242714
-0.496017
0.689383
0.236244
-0.745537
-0.680410
0.474593
-0.170934
-0.303079
0.130345
0.226112
0.230201
0.904904
-0.864620
-0.265969
0.906491
0.967406
-0.399823
-0.394452
-0.173620
-0.391583
0.462996
-0.305277
0.420698
0.556505
-0.523240
0.927244
0.358684
0.464705
0.698660
0.081759
-0.546129
0.444319
0.139805
0.090854
-0.989135
-0.726127
0.387432
-0.575671
-0.073702
0.346782
0.012360
-0.883541
-0.144200
-0.580615
0.574389
-0.999084
0.760491
-0.777093
-0.962828
-0.285257
-0.855892
0.000580
0.406659
0.034577
0.295022
0.033174
0.403485
0.107334
0.843562
-0.784234
0.984558
0.138157
0.949095
-0.252968
0.523240
-0.902707
0.427961
0.995056
-0.536668
-0.990234
0.135960
0.600696
-0.742180
-0.610828
0.916440
0.882809
-0.595019
-0.621815
-0.572314
0.605152
0.394940
0.159520
-0.837947
-0.829157
-0.620838
-0.802179
-0.031465
-0.696280
0.374615
0.877071
0.391583
-0.718802
-0.184484
-0.905759
0.139561
0.780206
-0.734001
0.373150
0.993835
-0.601245
0.104648
-0.940428
-0.527757
-0.083712
-0.005768
-0.838130
-0.441023
-0.645924
-0.050081
0.397687
0.812983
-0.100314
-0.183569
-0.989380
0.167943
0.756523
0.969054
0.919431
0.736747
0.981933
0.048738
-0.239662
-0.068941
0.376385
0.545702
-0.611927
0.211402
0.485763
0.042573
-0.604541
0.777215
0.778680
-0.069246
-0.785211
-0.488266
0.063509
-0.588611
-0.635243
-0.507004
0.205054
0.594409
-0.596484
-0.616504
0.204810
0.507248
-0.848506
0.011750
-0.292886
0.827082
0.746696
0.457381
-0.006134
-0.852901
0.093539
-0.047395
-0.470870
0.591479
-0.729850
0.913144
0.118015
-0.410321
0.453841
-0.590442
0.740654
0.624012
0.929075
0.393658
-0.875057
-0.238136
-0.259438
-0.009552
0.119663
-0.213782
-0.447432
0.169164
0.930967
0.735466
0.277871
0.106113
0.285073
0.666616
0.039460
-0.449080
-0.421552
0.453413
0.025666
0.509567
-0.920347
-0.568102
0.803461
0.555773
-0.756157
-0.293374
0.650258
0.084689
0.203162
-0.071139
-0.531541
0.819697
-0.504440
0.360576
0.844417
-0.114231
-0.905576
0.035676
-0.186071
0.762200
-0.198584
-0.168432
0.898068
-0.573901
0.064913
0.263588
-0.029878
-0.999634
-0.713065
-0.186254
0.518174
-0.782525
0.681020
0.608509
-0.136570
0.012848
-0.257179
-0.744804
-0.100681
-0.441023
-0.602832
-0.347514
-0.088351
0.053865
-0.117100
-0.415143
0.043977
-0.424055
0.438581
-0.084567
0.969481
-0.682608
0.851863
0.188757
0.332804
0.509384
-0.066073
-0.543687
-0.476424
0.351115
0.983154
0.136998
-0.655202
-0.745232
-0.701651
-0.274758
0.138035
0.720511
-0.193335
0.159886
0.928037
0.151219
-0.133885
-0.335429
-0.850337
-0.076998
-0.693106
0.874752
-0.480575
-0.979553
0.773614
0.060762
-0.386639
0.552049
0.430280
-0.737480
0.715445
-0.543992
0.091830
0.145787
-0.502854
-0.289102
0.843196
-0.605823
-0.907834
-0.637928
-0.790460
0.448714
-0.872188
0.677114
-0.060091
-0.592761
-0.723991
-0.257179
0.466048
-0.102756
-0.113742
0.816218
-0.899777
0.732719
0.263466
-0.258705
0.033601
-0.830500
0.152318
-0.254128
-0.802606
-0.429060
0.991760
-0.071444
0.050813
0.295267
0.500717
-0.249672
-0.644032
0.619068
-0.840876
-0.157384
0.004974
0.507797
0.145848
0.443831
0.959349
-0.953185
-0.704764
-0.222388
-0.634754
0.345073
0.637440
-0.314920
0.907834
0.723563
0.081210
0.822993
-0.534898
0.001862
0.805658
0.741325
0.126438
0.694571
0.920103
-0.847896
0.635548
-0.069308
0.956664
-0.297769
-0.677297
-0.092196
-0.242836
0.562059
0.587451
-0.306009
0.317423
-0.855953
-0.005646
0.190283
0.150365
-0.738090
0.044832
-0.934812
-0.268227
0.043794
0.687185
-0.525193
-0.409589
0.912351
-0.372662
-0.619495
-0.394940
-0.056978
0.502976
-0.723502
-0.928831
-0.085604
-0.016755
-0.859554
-0.900327
-0.637989
-0.142796
0.419172
-0.089877
0.948729
-0.827754
-0.138524
0.580676
0.464034
0.486862
-0.987976
-0.181677
0.764641
-0.701895
0.177282
-0.689505
-0.030915
0.708365
0.676504
0.221229
0.218909
0.391766
0.190832
0.394757
0.318277
-0.074862
-0.977783
0.828425
0.565355
-0.456343
0.075411
0.977477
-0.912473
0.385662
0.374249
-0.545579
-0.006745
-0.712760
0.926572
-0.313944
0.652150
0.191321
0.748894
-0.911252
0.417035
-0.768792
-0.136570
-0.672903
0.100070
-0.446150
-0.919065
0.216285
0.514756
0.942503
-0.619556
0.831538
-0.603076
0.303568
0.700003
0.387555
-0.982360
0.079012
0.948973
0.449568
-0.200659
0.646962
-0.943297
-0.960997
0.248940
-0.227149
0.868404
0.196509
0.519395
-0.825495
-0.299966
-0.436323
-0.087008
-0.737541
0.368328
-0.452132
-0.361614
0.118686
0.503159
0.630848
-0.865780
-0.223914
-0.040193
0.384564
-0.728751
-0.138585
0.140110
0.756890
0.746391
-0.336039
0.036897
-0.811518
0.980285
0.692312
0.812983
0.125401
-0.168554
0.781793
-0.271706
0.487594
-0.560594
-0.184057
-0.772515
-0.342387
0.508896
0.122898
-0.001007
-0.448775
0.348247
-0.389630
-0.179540
-0.667531
0.974364
0.701651
-0.998596
0.335673
0.595996
-0.865658
0.235878
-0.242836
0.789178
-0.314249
-0.322306
0.679128
0.675710
0.885434
-0.948607
0.987426
0.419111
-0.220618
-0.389508
0.747246
-0.651784
0.807489
-0.244606
0.597644
-0.976501
-0.144078
-0.874935
0.728446
0.556261
-0.450972
0.972961
-0.998596
0.494614
0.840815
-0.359294
-0.220985
0.588488
0.970580
0.942747
0.021821
-0.253945
0.844050
0.272195
0.218787
-0.506394
-0.097385
0.243507
0.711539
-0.747551
-0.456465
0.681387
0.976012
0.744377
-0.846553
0.770745
0.423322
-0.161718
-0.182470
0.178808
0.282998
-0.848445
-0.233009
0.963012
-0.869625
-0.283059
0.627552
-0.924619
-0.378643
-0.971557
0.530625
-0.721305
0.996582
-0.220374
-0.848994
0.283792
0.917295
0.604358
0.732719
-0.077242
-0.803400
-0.865169
0.164586
-0.830134
0.986816
0.688833
0.170812
0.822626
-0.013337
0.897092
0.676199
-0.345256
-0.768975
-0.414045
0.409467
-0.144505
0.024506
0.225806
-0.191504
0.565722
0.582018
0.258278
-0.712394
-0.675527
0.939695
0.615101
-0.068514
0.238319
-0.302957
-0.259194
0.676870
0.685415
-0.845882
0.431990
-0.954772
-0.632313
0.405133
0.805170
-0.511032
-0.476974
0.952269
-0.293924
0.412763
0.110019
0.401288
-0.126560
-0.066134
0.778008
0.801447
-0.831782
-0.557238
-0.565600
-0.807489
-0.817377
-0.972716
0.223121
0.922056
-0.460067
-0.177404
0.724235
-0.707022
-0.801569
-0.651051
0.190161
0.108005
-0.927915
0.900998
-0.371380
0.668996
-0.720634
-0.950255
-0.453780
-0.202857
-0.665761
0.320780
0.164281
0.434736
0.590747
-0.889828
-0.079684
-0.608692
-0.746330
-0.098056
-0.933226
-0.202612
-0.731071
-0.152135
0.180090
-2.594977
-3.805928
5.649050
2.726597
2.782556
-2.826283
1.256289
3.986329
-3.280178
2.013709
-5.576465
1.306388
-2.782336
2.314011
-6.448806
3.086520
3.075460
1.674074
-2.560846
-1.473312
-6.106827
6.094888
-2.312839
-1.572705
2.071279
-2.424903
2.695248
6.388086
0.009595
3.715983
-0.736619
-7.591491
