12
-0.237648
0.760796
-0.784600
0.536180
0.417707
0.549242
-0.096652
0.363506
-0.890194
0.407208
-0.844905
0.244301
0.219459
-0.157872
-0.499619
0.434126
0.445357
-0.639821
0.612781
-0.664785
-0.687674
-0.807489
0.382183
0.528855
-0.675954
-0.912961
0.788202
-0.594958
-0.677541
0.479965
0.636708
-0.796381
-0.383099
-0.642018
0.222205
-0.723502
0.445540
-0.874813
-0.021638
-0.613941
0.330729
-0.214637
0.179540
0.850826
-0.107944
0.754265
-0.244606
0.351299
-0.321451
-0.387555
-0.718497
-0.791131
-0.417096
0.112644
0.208045
-0.050813
0.400311
-0.247169
-0.610828
0.963561
-0.905698
0.229225
0.976135
-0.919492
0.332499
-0.920652
0.735649
0.860286
-0.146580
-0.169591
0.856990
0.423627
0.229102
0.963012
0.309305
0.629383
0.583605
-0.995788
0.813105
-0.588916
0.831660
0.062227
-0.513535
0.087313
-0.000580
-0.885678
0.230323
-0.543870
-0.810663
-0.638111
0.914182
0.488266
0.752495
0.964049
0.425153
-0.570727
0.229835
-0.537645
0.642933
0.125706
0.626331
-0.789666
-0.597156
-0.615040
-0.421064
0.118381
-0.490158
0.184057
0.981933
-0.971801
-0.134556
0.537828
-0.368450
0.028474
-0.228980
0.840083
0.452986
-0.975585
0.468978
-0.510361
0.871578
0.873837
0.984741
-0.385479
-0.108860
0.401715
0.331889
0.705680
0.442244
-0.392865
-0.856258
-0.026215
0.561510
0.372845
0.792474
-0.758843
-0.033357
0.992248
-0.941099
0.181310
-0.412397
-0.175390
0.416791
-0.281716
0.509928
-1.001398
-3.935203
1.001544
-2.231978
1.622877
2.892569
0.389807
-1.828181
0.144658
3.410407
0.857253
