32
1.000000
0.500000
0.333333
0.250000
0.200000
0.166667
0.142857
0.125000
0.111111
0.100000
0.090909
0.083333
0.076923
0.071429
0.066667
0.062500
0.058824
0.055556
0.052632
0.050000
0.047619
0.045455
0.043478
0.041667
0.040000
0.038462
0.037037
0.035714
0.034483
0.033333
0.032258
0.031250
0.500000
0.333333
0.250000
0.200000
0.166667
0.142857
0.125000
0.111111
0.100000
0.090909
0.083333
0.076923
0.071429
0.066667
0.062500
0.058824
0.055556
0.052632
0.050000
0.047619
0.045455
0.043478
0.041667
0.040000
0.038462
0.037037
0.035714
0.034483
0.033333
0.032258
0.031250
0.030303
0.333333
0.250000
0.200000
0.166667
0.142857
0.125000
0.111111
0.100000
0.090909
0.083333
0.076923
0.071429
0.066667
0.062500
0.058824
0.055556
0.052632
0.050000
0.047619
0.045455
0.043478
0.041667
0.040000
0.038462
0.037037
0.035714
0.034483
0.033333
0.032258
0.031250
0.030303
0.029412
0.250000
0.200000
0.166667
0.142857
0.125000
0.111111
0.100000
0.090909
0.083333
0.076923
0.071429
0.066667
0.062500
0.058824
0.055556
0.052632
0.050000
0.047619
0.045455
0.043478
0.041667
0.040000
0.038462
0.037037
0.035714
0.034483
0.033333
0.032258
0.031250
0.030303
0.029412
0.028571
0.200000
0.166667
0.142857
0.125000
0.111111
0.100000
0.090909
0.083333
0.076923
0.071429
0.066667
0.062500
0.058824
0.055556
0.052632
0.050000
0.047619
0.045455
0.043478
0.041667
0.040000
0.038462
0.037037
0.035714
0.034483
0.033333
0.032258
0.031250
0.030303
0.029412
0.028571
0.027778
0.166667
0.142857
0.125000
0.111111
0.100000
0.090909
0.083333
0.076923
0.071429
0.066667
0.062500
0.058824
0.055556
0.052632
0.050000
0.047619
0.045455
0.043478
0.041667
0.040000
0.038462
0.037037
0.035714
0.034483
0.033333
0.032258
0.031250
0.030303
0.029412
0.028571
0.027778
0.027027
0.142857
0.125000
0.111111
0.100000
0.090909
0.083333
0.076923
0.071429
0.066667
0.062500
0.058824
0.055556
0.052632
0.050000
0.047619
0.045455
0.043478
0.041667
0.040000
0.038462
0.037037
0.035714
0.034483
0.033333
0.032258
0.031250
0.030303
0.029412
0.028571
0.027778
0.027027
0.026316
0.125000
0.111111
0.100000
0.090909
0.083333
0.076923
0.071429
0.066667
0.062500
0.058824
0.055556
0.052632
0.050000
0.047619
0.045455
0.043478
0.041667
0.040000
0.038462
0.037037
0.035714
0.034483
0.033333
0.032258
0.031250
0.030303
0.029412
0.028571
0.027778
0.027027
0.026316
0.025641
0.111111
0.100000
0.090909
0.083333
0.076923
0.071429
0.066667
0.062500
0.058824
0.055556
0.052632
0.050000
0.047619
0.045455
0.043478
0.041667
0.040000
0.038462
0.037037
0.035714
0.034483
0.033333
0.032258
0.031250
0.030303
0.029412
0.028571
0.027778
0.027027
0.026316
0.025641
0.025000
0.100000
0.090909
0.083333
0.076923
0.071429
0.066667
0.062500
0.058824
0.055556
0.052632
0.050000
0.047619
0.045455
0.043478
0.041667
0.040000
0.038462
0.037037
0.035714
0.034483
0.033333
0.032258
0.031250
0.030303
0.029412
0.028571
0.027778
0.027027
0.026316
0.025641
0.025000
0.024390
0.090909
0.083333
0.076923
0.071429
0.066667
0.062500
0.058824
0.055556
0.052632
0.050000
0.047619
0.045455
0.043478
0.041667
0.040000
0.038462
0.037037
0.035714
0.034483
0.033333
0.032258
0.031250
0.030303
0.029412
0.028571
0.027778
0.027027
0.026316
0.025641
0.025000
0.024390
0.023810
0.083333
0.076923
0.071429
0.066667
0.062500
0.058824
0.055556
0.052632
0.050000
0.047619
0.045455
0.043478
0.041667
0.040000
0.038462
0.037037
0.035714
0.034483
0.033333
0.032258
0.031250
0.030303
0.029412
0.028571
0.027778
0.027027
0.026316
0.025641
0.025000
0.024390
0.023810
0.023256
0.076923
0.071429
0.066667
0.062500
0.058824
0.055556
0.052632
0.050000
0.047619
0.045455
0.043478
0.041667
0.040000
0.038462
0.037037
0.035714
0.034483
0.033333
0.032258
0.031250
0.030303
0.029412
0.028571
0.027778
0.027027
0.026316
0.025641
0.025000
0.024390
0.023810
0.023256
0.022727
0.071429
0.066667
0.062500
0.058824
0.055556
0.052632
0.050000
0.047619
0.045455
0.043478
0.041667
0.040000
0.038462
0.037037
0.035714
0.034483
0.033333
0.032258
0.031250
0.030303
0.029412
0.028571
0.027778
0.027027
0.026316
0.025641
0.025000
0.024390
0.023810
0.023256
0.022727
0.022222
0.066667
0.062500
0.058824
0.055556
0.052632
0.050000
0.047619
0.045455
0.043478
0.041667
0.040000
0.038462
0.037037
0.035714
0.034483
0.033333
0.032258
0.031250
0.030303
0.029412
0.028571
0.027778
0.027027
0.026316
0.025641
0.025000
0.024390
0.023810
0.023256
0.022727
0.022222
0.021739
0.062500
0.058824
0.055556
0.052632
0.050000
0.047619
0.045455
0.043478
0.041667
0.040000
0.038462
0.037037
0.035714
0.034483
0.033333
0.032258
0.031250
0.030303
0.029412
0.028571
0.027778
0.027027
0.026316
0.025641
0.025000
0.024390
0.023810
0.023256
0.022727
0.022222
0.021739
0.021277
0.058824
0.055556
0.052632
0.050000
0.047619
0.045455
0.043478
0.041667
0.040000
0.038462
0.037037
0.035714
0.034483
0.033333
0.032258
0.031250
0.030303
0.029412
0.028571
0.027778
0.027027
0.026316
0.025641
0.025000
0.024390
0.023810
0.023256
0.022727
0.022222
0.021739
0.021277
0.020833
0.055556
0.052632
0.050000
0.047619
0.045455
0.043478
0.041667
0.040000
0.038462
0.037037
0.035714
0.034483
0.033333
0.032258
0.031250
0.030303
0.029412
0.028571
0.027778
0.027027
0.026316
0.025641
0.025000
0.024390
0.023810
0.023256
0.022727
0.022222
0.021739
0.021277
0.020833
0.020408
0.052632
0.050000
0.047619
0.045455
0.043478
0.041667
0.040000
0.038462
0.037037
0.035714
0.034483
0.033333
0.032258
0.031250
0.030303
0.029412
0.028571
0.027778
0.027027
0.026316
0.025641
0.025000
0.024390
0.023810
0.023256
0.022727
0.022222
0.021739
0.021277
0.020833
0.020408
0.020000
0.050000
0.047619
0.045455
0.043478
0.041667
0.040000
0.038462
0.037037
0.035714
0.034483
0.033333
0.032258
0.031250
0.030303
0.029412
0.028571
0.027778
0.027027
0.026316
0.025641
0.025000
0.024390
0.023810
0.023256
0.022727
0.022222
0.021739
0.021277
0.020833
0.020408
0.020000
0.019608
0.047619
0.045455
0.043478
0.041667
0.040000
0.038462
0.037037
0.035714
0.034483
0.033333
0.032258
0.031250
0.030303
0.029412
0.028571
0.027778
0.027027
0.026316
0.025641
0.025000
0.024390
0.023810
0.023256
0.022727
0.022222
0.021739
0.021277
0.020833
0.020408
0.020000
0.019608
0.019231
0.045455
0.043478
0.041667
0.040000
0.038462
0.037037
0.035714
0.034483
0.033333
0.032258
0.031250
0.030303
0.029412
0.028571
0.027778
0.027027
0.026316
0.025641
0.025000
0.024390
0.023810
0.023256
0.022727
0.022222
0.021739
0.021277
0.020833
0.020408
0.020000
0.019608
0.019231
0.018868
0.043478
0.041667
0.040000
0.038462
0.037037
0.035714
0.034483
0.033333
0.032258
0.031250
0.030303
0.029412
0.028571
0.027778
0.027027
0.026316
0.025641
0.025000
0.024390
0.023810
0.023256
0.022727
0.022222
0.021739
0.021277
0.020833
0.020408
0.020000
0.019608
0.019231
0.018868
0.018519
0.041667
0.040000
0.038462
0.037037
0.035714
0.034483
0.033333
0.032258
0.031250
0.030303
0.029412
0.028571
0.027778
0.027027
0.026316
0.025641
0.025000
0.024390
0.023810
0.023256
0.022727
0.022222
0.021739
0.021277
0.020833
0.020408
0.020000
0.019608
0.019231
0.018868
0.018519
0.018182
0.040000
0.038462
0.037037
0.035714
0.034483
0.033333
0.032258
0.031250
0.030303
0.029412
0.028571
0.027778
0.027027
0.026316
0.025641
0.025000
0.024390
0.023810
0.023256
0.022727
0.022222
0.021739
0.021277
0.020833
0.020408
0.020000
0.019608
0.019231
0.018868
0.018519
0.018182
0.017857
0.038462
0.037037
0.035714
0.034483
0.033333
0.032258
0.031250
0.030303
0.029412
0.028571
0.027778
0.027027
0.026316
0.025641
0.025000
0.024390
0.023810
0.023256
0.022727
0.022222
0.021739
0.021277
0.020833
0.020408
0.020000
0.019608
0.019231
0.018868
0.018519
0.018182
0.017857
0.017544
0.037037
0.035714
0.034483
0.033333
0.032258
0.031250
0.030303
0.029412
0.028571
0.027778
0.027027
0.026316
0.025641
0.025000
0.024390
0.023810
0.023256
0.022727
0.022222
0.021739
0.021277
0.020833
0.020408
0.020000
0.019608
0.019231
0.018868
0.018519
0.018182
0.017857
0.017544
0.017241
0.035714
0.034483
0.033333
0.032258
0.031250
0.030303
0.029412
0.028571
0.027778
0.027027
0.026316
0.025641
0.025000
0.024390
0.023810
0.023256
0.022727
0.022222
0.021739
0.021277
0.020833
0.020408
0.020000
0.019608
0.019231
0.018868
0.018519
0.018182
0.017857
0.017544
0.017241
0.016949
0.034483
0.033333
0.032258
0.031250
0.030303
0.029412
0.028571
0.027778
0.027027
0.026316
0.025641
0.025000
0.024390
0.023810
0.023256
0.022727
0.022222
0.021739
0.021277
0.020833
0.020408
0.020000
0.019608
0.019231
0.018868
0.018519
0.018182
0.017857
0.017544
0.017241
0.016949
0.016667
0.033333
0.032258
0.031250
0.030303
0.029412
0.028571
0.027778
0.027027
0.026316
0.025641
0.025000
0.024390
0.023810
0.023256
0.022727
0.022222
0.021739
0.021277
0.020833
0.020408
0.020000
0.019608
0.019231
0.018868
0.018519
0.018182
0.017857
0.017544
0.017241
0.016949
0.016667
0.016393
0.032258
0.031250
0.030303
0.029412
0.028571
0.027778
0.027027
0.026316
0.025641
0.025000
0.024390
0.023810
0.023256
0.022727
0.022222
0.021739
0.021277
0.020833
0.020408
0.020000
0.019608
0.019231
0.018868
0.018519
0.018182
0.017857
0.017544
0.017241
0.016949
0.016667
0.016393
0.016129
0.031250
0.030303
0.029412
0.028571
0.027778
0.027027
0.026316
0.025641
0.025000
0.024390
0.023810
0.023256
0.022727
0.022222
0.021739
0.021277
0.020833
0.020408
0.020000
0.019608
0.019231
0.018868
0.018519
0.018182
0.017857
0.017544
0.017241
0.016949
0.016667
0.016393
0.016129
0.015873
4.870195
3.706558
3.141852
2.776138
2.509471
2.301903
2.133483
1.992823
1.872823
1.768758
1.677329
1.596146
1.523418
1.457777
1.398150
1.343682
1.293682
1.247584
1.204917
1.165288
1.128365
1.093864
1.061541
1.031185
1.002613
0.975666
0.950202
0.926096
0.903239
0.881532
0.860887
0.841225
